ain=90;
aout=0;
c=16;
h=4;
kout=0.1587;
qin=10*.134/60;
